normal1: 0.003514043999985006 s
normal2: 0.0026819879999493423 s
normal3: 0.0030633460000899504 s
normal4: 0.0028702380000140693 s
normal5: 0.018600453999624733 s
