normal1: 1.904700002341997e-05 s
normal2: 1.5569000424875412e-05 s
normal3: 1.4229000043997075e-05 s
normal4: 1.3429000318865292e-05 s
normal5: 1.2880000213044696e-05 s
