normal3: 1047.2003631670004 s
normal4: 863.656306508 s
normal5: 687.1911781139997 s
