easy1: 77.52112772100008 s
easy2: 29.277987965000648 s
easy3: 49.370797057000345 s
easy4: 41.00392326800011 s
easy5: 46.22119803900023 s
