easy1: 0.001489606999712123 s
easy2: 0.0013058260001344024 s
easy3: 0.001316846000008809 s
easy4: 0.0012628630001927377 s
easy5: 0.001507509000475693 s
