easy1: 1.9250999685027637e-05 s
easy2: 1.5179999536485411e-05 s
easy3: 1.358499957859749e-05 s
easy4: 1.3247999959276058e-05 s
easy5: 1.2608000361069571e-05 s
