hard4: 1301.013503968 s
hard5: 214.5512802329995 s
