hard1: 0.08004154800028118 s
hard2: 0.0023262340000655968 s
hard3: 0.001884455999970669 s
hard4: 0.0017953890001081163 s
hard5: 0.0017228669998985424 s
