hard1: 0.07909677200041187 s
hard2: 0.0023922099999253987 s
hard3: 0.001686911999968288 s
hard4: 0.001824445999773161 s
hard5: 0.0016900420005185879 s
