medium1: 0.003817056000116281 s
medium2: 0.0017970100002457912 s
medium3: 0.0032791650000945083 s
medium4: 0.0028863509996881476 s
medium5: 0.0016050720000748697 s
