medium1: 1.8311000530957244e-05 s
medium2: 1.6537999727006536e-05 s
medium3: 1.219000023411354e-05 s
medium4: 1.1761999303416815e-05 s
medium5: 1.1460000678198412e-05 s
