medium1: 60.57903582200015 s
medium2: 713.2477648570002 s
medium3: 433.33755328999996 s
medium4: 452.7416257959994 s
medium5: 665.8770517490002 s
